22133032
22133037
22133038
22133039
22133040
22133042
22133043
22133044
22133045
22134001
22134002
22134003
22134004
22134005
22134006
22134008
22134009
22134010
22134011
22134012
22134013
22134015
22134018
22134019
22134026
22134027
22134028
22134029
22134030
22134031
22134032
22134033
22134034
22135001
22135025
22135026
22135027
22135028
22135029
22135030
22135031
22135032
22135035
22135036
22135037
22135038
22135039
22135040
22135041
22135042
22136001
22136002
22136003
22136004
22136005
22136006
22136007
22136008
22136009
22136010
